1734317460013 -0.001 1
1734317460021 -0.001 2
1734317460028 -0.0031669900739473675 3
1734317460031 -0.001 4
1734317460036 -0.0063698737772321596 5
1734317460041 -0.002909757737883839 6
1734317460051 -0.0018037239969078724 7
1734317460054 0.005330726838878349 8
1734317460058 -0.001 9
1734317460062 -0.001 10
1734317460066 0.0073142918281152965 11
1734317460069 0.004489248944638183 12
1734317460072 0.0007362853421052642 13
1734317460080 -0.006930163632535846 14
1734317460083 0.0026576828668827936 15
1734317460088 -7.180606844546598e-05 16
1734317460092 -0.01719536785986404 17
1734317460096 -0.012347223403730977 18
1734317460099 -0.006488564766867611 19
1734317460102 -0.0065702435533117 20
1734317460105 0.006006772398613637 21
