1734313247689 -0.945195030204936 0
1734313253728 -0.8950866545627614 1
1734313261013 0.10050552924074742 2
1734313267097 0.12940954202221489 3
1734313273132 0.13159515408866387 4
1734313278406 0.10205930482772635 5
1734313284922 0.10186761843930552 6
1734313291588 0.12196941393290726 7
1734313296676 0.07889822278442202 8
1734313302396 -0.09239006430802103 9
1734313307424 0.4009200398704855 10
1734313314355 -0.5516451974548195 11
1734313319830 -0.42757432849937804 12
1734313325826 0.08420631371610336 13
1734313332791 -0.30128287626809375 14
1734313337838 -0.7428884264589799 15
1734313342658 -0.8295730351856032 16
1734313347989 0.32873425773138776 17
1734313352929 -0.7401187563568196 18
1734313359104 -0.6794081589718006 19
1734313364286 0.26244255391708243 20
