1734313247689 -18.22041403663952 0
1734313253728 -17.738651029153008 1
1734313261013 -0.533295545215573 2
1734313267097 -0.16372462869091997 3
1734313273132 -0.11196283292495002 4
1734313278406 -0.8102593698898986 5
1734313284922 -0.6591949553205634 6
1734313291588 -0.34224413831056566 7
1734313296676 -1.337872803278406 8
1734313302396 -4.879804142511112 9
1734313307424 6.525980095621131 10
1734313314355 -11.116790710450008 11
1734313319830 -11.333189618140693 12
1734313325826 -1.2287658926971368 13
1734313332791 -8.201051089278666 14
1734313337838 -16.20524106143876 15
1734313342658 -17.37892593863255 16
1734313347989 5.0452753180635135 17
1734313352929 -17.066292417176943 18
1734313359104 -16.170629868989305 19
1734313364286 3.1079518903325054 20
