1734313247689 -20.142399254988053 0
1734313253728 -19.362987614818252 1
1734313261013 -23.22661990390881 2
1734313267097 -23.22661990390881 3
1734313273132 -23.226619903908798 4
1734313278406 -23.22661990390881 5
1734313284922 -22.971184933860577 6
1734313291588 -23.226619903908798 7
1734313296676 -23.30741042307497 8
1734313302396 -22.08326187105534 9
1734313307424 -14.439864260912271 10
1734313314355 -19.21267428181337 11
1734313319830 -19.514483029617857 12
1734313325826 -23.22661990390881 13
1734313332791 -25.401606895639183 14
1734313337838 -19.15705386562081 15
1734313342658 -25.570235645632145 16
1734313347989 -15.090576522921417 17
1734313352929 -22.966763034829263 18
1734313359104 -24.35394553733049 19
1734313364286 -20.608111838086362 20
