1734313247689 -0.681860806731914 0
1734313253728 -0.6399309488968312 1
1734313261013 0.06044064591394297 2
1734313267097 0.07428861683984922 3
1734313273132 0.07554740883843365 4
1734313278406 0.05854871285317931 5
1734313284922 0.05955778290386563 6
1734313291588 0.0699787699020526 7
1734313296676 0.04536108941023298 8
1734313302396 -0.05686529745558941 9
1734313307424 0.2601535111536987 10
1734313314355 -0.36635504002964653 11
1734313319830 -0.2869892549916405 12
1734313325826 0.048163671592155365 13
1734313332791 -0.1909185827895265 14
1734313337838 -0.4981120794302477 15
1734313342658 -0.5710919104368476 16
1734313347989 0.20852831524680998 17
1734313352929 -0.48445429271785195 18
1734313359104 -0.42440383401178805 19
1734313364286 0.15212828548730586 20
