1734345635470 -0.001 1
1734345635475 -0.001 2
1734345635476 -0.001 3
1734345635478 -0.0003835262327499721 4
1734345635479 -0.006233669617907212 5
1734345635481 -0.0028613176891985875 6
1734345635482 -0.0017091395476528173 7
1734345635483 -0.010843696881443717 8
1734345635485 -0.0033485059557594827 9
1734345635486 0.011944709606960806 10
1734345635488 0.017804130058161043 11
1734345635489 0.003479731945381731 12
1734345635490 -0.0025478507716288866 13
1734345635492 0.004286578266782191 14
1734345635493 0.006510572283156476 15
1734345635494 0.005981683496098695 16
1734345635496 -0.003408628908592152 17
1734345635497 -0.0005976034709432383 18
1734345635498 0.002799332946223707 19
1734345635500 -0.001 20
1734345635501 -0.001 21
