1734312960239 -1.6509589182197242 0
1734312965988 -0.45797816763589627 1
1734312972686 -0.8507210202530129 2
1734312978446 0.05929514684792748 3
1734312984263 0.1387514120332141 4
1734312990523 -0.5071807622721355 5
1734312997858 -0.8723704420561628 6
1734313003848 -0.24442594001558976 7
1734313010138 -0.7360180299127805 8
1734313016174 -0.3443147744869939 9
1734313022103 -0.569885871267457 10
1734313027326 -0.3543243330980748 11
1734313034189 -0.48460179978897006 12
1734313040194 0.21756993622807375 13
1734313045265 -0.40604794677799005 14
1734313049747 -0.5628675242826199 15
1734313054528 -0.4680894797951479 16
1734313059152 -0.41812391864652415 17
1734313063642 -0.12095610782367762 18
1734313068644 -0.39558103240287873 19
1734313074440 -0.6782640493758405 20
