1734312960239 -31.27385101975574 0
1734312965988 -16.142137862344462 1
1734312972686 -26.95251214592527 2
1734312978446 -20.522094627222742 3
1734312984263 -24.692879809113666 4
1734312990523 -28.92462429311051 5
1734312997858 -28.156459905702402 6
1734313003848 -27.140205347694735 7
1734313010138 -29.103924135807645 8
1734313016174 -19.018438793301794 9
1734313022103 -27.805694029096927 10
1734313027326 -19.87192610009484 11
1734313034189 -23.829846677088383 12
1734313040194 -13.116247000403181 13
1734313045265 -19.524874592385856 14
1734313049747 -26.773262958536968 15
1734313054528 -21.979944320192924 16
1734313059152 -21.117609324526764 17
1734313063642 -17.59584029322304 18
1734313068644 -22.38367306168999 19
1734313074440 -25.516750836137103 20
