1734312960239 -31.27385101975574 0
1734312965988 -12.91504374721928 1
1734312972686 -23.81066560162465 2
1734312978446 -0.504047820907294 3
1734312984263 2.5751750499691806 4
1734312990523 -17.701152909414887 5
1734312997858 -25.24664829109029 6
1734313003848 -9.07940192503287 7
1734313010138 -20.27615063209308 8
1734313016174 -11.627640033988396 9
1734313022103 -17.939276983500108 10
1734313027326 -11.504631341539383 11
1734313034189 -15.6494239566348 12
1734313040194 5.03431841099784 13
1734313045265 -14.36383914778564 14
1734313049747 -18.416780604495365 15
1734313054528 -15.102257396837226 16
1734313059152 -14.267466153342667 17
1734313063642 -5.489245517712337 18
1734313068644 -12.417837233976826 19
1734313074440 -20.37939937509139 20
