1734312960239 -2.167804741813203 0
1734312965988 -0.6224916967030819 1
1734312972686 -1.1845752035620827 2
1734312978446 0.09534302136122491 3
1734312984263 0.23059169777661254 4
1734312990523 -0.7503801290992428 5
1734312997858 -1.1922119739253456 6
1734313003848 -0.37238463189376036 7
1734313010138 -1.0272201881139718 8
1734313016174 -0.49718573657195314 9
1734313022103 -0.8276389079886552 10
1734313027326 -0.5047208348310784 11
1734313034189 -0.6966779104133679 12
1734313040194 0.335673725589234 13
1734313045265 -0.5971404459799095 14
1734313049747 -0.8043244540594267 15
1734313054528 -0.6879405644244471 16
1734313059152 -0.6140614832938893 17
1734313063642 -0.17246054045219747 18
1734313068644 -0.5816851836178771 19
1734313074440 -0.9989631628738558 20
