1734313127541 -0.4196108241580002 0
1734313132090 -0.05803275249222593 1
1734313136269 0.00042814137821270366 2
1734313141052 0.07667879174723188 3
1734313145509 0.2911020491934221 4
1734313151428 0.08441987725802906 5
1734313156356 0.09635000068079207 6
1734313161827 0.11992609398467723 7
1734313168855 0.10017440055511782 8
1734313174789 0.07502864346981147 9
1734313180288 -0.5923132016002578 10
1734313185992 0.08491312453486898 11
1734313193343 0.1547428671932392 12
1734313199065 0.12189991627236071 13
1734313204374 0.11427179972918194 14
1734313211082 0.07613892471360609 15
1734313215918 0.1784902912172743 16
1734313221972 0.08325638784324133 17
1734313227394 0.03877517523381474 18
1734313233662 0.1208198774730513 19
1734313240325 -0.08504847610793148 20
