1734313127541 -12.328163132020231 0
1734313132090 -4.327777531433041 1
1734313136269 -2.9733007200017036 2
1734313141052 -1.3894799292531235 3
1734313145509 3.9339467120718563 4
1734313151428 -1.1688315943294003 5
1734313156356 -0.9454465894180419 6
1734313161827 -0.3903207207909709 7
1734313168855 -0.8550221103696298 8
1734313174789 -1.2381414952073122 9
1734313180288 -15.728025920340539 10
1734313185992 -1.204282199755502 11
1734313193343 0.49001275719267046 12
1734313199065 -0.33279566141736217 13
1734313204374 -0.5167338916415742 14
1734313211082 -1.417648011003625 15
1734313215918 0.9950323347460266 16
1734313221972 -1.2523741811054423 17
1734313227394 -2.269859035310051 18
1734313233662 -0.3418887831829531 19
1734313240325 -4.398851413029092 20
