1734313127541 -0.25190451404622555 0
1734313132090 -0.03463274651282911 1
1734313136269 0.0002587794276289379 2
1734313141052 0.04413032192599567 3
1734313145509 0.1720965917748524 4
1734313151428 0.04858202419159784 5
1734313156356 0.055291141534207694 6
1734313161827 0.0688088471760888 7
1734313168855 0.05748120313422661 8
1734313174789 0.04414091035754905 9
1734313180288 -0.38812222858186624 10
1734313185992 0.04864379053580925 11
1734313193343 0.08933645565955378 12
1734313199065 0.07007477792903619 13
1734313204374 0.06567732495571559 14
1734313211082 0.04369938935411552 15
1734313215918 0.10176370963017384 16
1734313221972 0.04777534718352974 17
1734313227394 0.02235195387790496 18
1734313233662 0.06968433888694645 19
1734313240325 -0.053252175692250436 20
