1734313127541 -30.7130846641923 0
1734313132090 -23.84046013806813 1
1734313136269 -22.453063826920495 2
1734313141052 -23.22661990390881 3
1734313145509 -23.08738879377048 4
1734313151428 -22.740959267267957 5
1734313156356 -23.22661990390881 6
1734313161827 -23.22661990390882 7
1734313168855 -23.226619903908798 8
1734313174789 -23.22661990390882 9
1734313180288 -22.821740810890546 10
1734313185992 -23.22661990390881 11
1734313193343 -24.934646996359245 12
1734313199065 -22.787384404978937 13
1734313204374 -23.32584853998383 14
1734313211082 -23.348876605833023 15
1734313215918 -22.094334794461503 16
1734313221972 -23.387853702883454 17
1734313227394 -23.226619903908798 18
1734313233662 -23.64985560966202 19
1734313240325 -22.24088667968781 20
